x<- c(1,2,3,4,5) #esto es un vector 
x2<- c(6,7,8,9,10) #vector 2
x3 <- c (365646565) 